CAVE
height: 31
width: 31
stage: 2
storage
startPos: 2 26
endPos: 27 4
refresh
0 0 0 0 0 0 0 0 0 0 0 0 0 0 0 0 0 0 0 0 0 0 0 0 0 0 0 0 0 0 0
0 0 0 0 0 0 0 0 0 0 0 0 0 0 0 0 0 0 0 0 0 0 0 0 0 0 0 0 0 0 0
0 0 0 0 0 0 0 0 0 0 0 0 0 0 0 0 0 0 0 0 0 0 0 0 0 0 0 0 0 0 0
0 0 0 0 0 1 1 0 0 0 0 0 0 0 0 0 0 0 0 0 0 0 0 0 0 0 0 0 0 0 0
0 0 0 0 1 1 1 1 0 0 0 0 0 0 0 0 0 0 0 0 0 0 0 0 0 0 0 0 0 1 0
0 0 0 1 1 1 1 1 1 0 0 0 0 0 0 0 0 0 0 0 0 0 0 0 0 0 0 0 1 1 0
0 0 1 1 1 1 1 1 1 1 0 0 0 0 0 0 0 0 0 1 1 1 0 0 1 1 0 1 1 0 0
0 0 1 1 1 1 1 1 1 1 1 1 1 1 1 1 1 1 1 1 1 1 1 1 1 1 1 1 1 0 0
0 1 1 1 1 0 0 0 1 1 1 1 1 1 1 1 1 1 1 1 1 1 1 1 1 1 1 1 1 0 0
0 1 1 1 0 0 0 0 0 1 1 1 1 1 1 1 1 1 1 1 1 1 1 1 1 1 1 1 1 0 0
0 0 1 1 0 0 0 0 0 1 1 1 1 1 1 1 1 1 1 1 1 1 0 0 1 1 1 1 0 0 0
0 0 1 1 0 0 0 0 1 1 1 0 0 1 1 1 1 1 1 1 1 1 0 1 1 1 1 0 0 0 0
0 0 1 1 1 0 0 1 1 1 1 1 1 1 1 1 1 1 1 1 1 1 1 1 1 1 0 0 0 0 0
0 0 1 1 1 1 1 1 1 1 1 1 1 1 1 1 1 1 1 1 1 1 1 1 1 0 0 0 0 0 0
0 0 1 1 1 1 1 1 1 1 1 1 1 1 0 0 0 0 1 1 1 1 1 1 1 0 0 0 0 0 0
0 0 0 1 1 1 1 1 1 1 1 1 1 0 0 0 0 0 0 1 1 1 1 1 1 1 0 0 0 0 0
0 0 0 0 1 1 1 1 1 1 1 1 1 0 0 0 0 0 0 1 1 1 1 1 1 1 1 1 0 0 0
0 0 0 0 0 1 1 1 1 1 1 1 0 0 0 0 0 0 1 1 1 1 1 1 1 1 1 1 1 0 0
0 0 0 0 0 0 1 1 1 1 1 0 0 0 0 0 0 1 1 1 1 1 1 1 1 1 1 1 1 0 0
0 0 0 0 0 0 1 1 1 1 0 0 0 1 1 1 1 1 1 1 1 1 1 1 1 1 1 1 1 0 0
0 0 0 0 0 1 1 1 1 1 1 0 1 1 1 1 1 1 0 1 1 1 1 1 1 1 1 1 1 0 0
0 0 0 0 1 1 1 1 1 1 1 1 1 1 1 0 0 0 0 1 1 1 1 1 1 1 1 1 1 0 0
0 0 0 1 1 1 1 1 1 1 1 1 1 1 0 0 0 0 0 1 1 1 0 0 1 1 1 1 0 0 0
0 0 0 1 1 1 1 1 1 0 0 1 1 1 0 0 0 0 0 1 1 1 1 1 1 1 1 0 0 0 0
0 0 0 0 1 1 1 1 0 0 0 0 1 1 0 0 0 0 0 1 1 1 1 1 1 1 0 0 0 0 0
0 0 0 0 1 1 1 1 0 0 0 0 1 1 1 0 0 0 0 0 1 1 1 1 1 0 0 0 0 0 0
0 0 0 0 1 1 1 1 1 0 0 0 0 1 1 1 0 0 0 0 0 1 1 1 1 0 0 0 0 0 0
0 0 0 0 0 1 1 1 1 0 0 0 0 0 1 1 1 1 1 0 0 1 1 1 1 0 0 0 0 0 0
0 0 0 0 0 1 1 1 1 0 0 0 0 0 0 1 1 1 1 1 1 1 1 1 0 0 0 0 0 0 0
0 0 0 0 0 0 0 0 0 0 0 0 0 0 0 0 0 0 0 1 1 1 0 0 0 0 0 0 0 0 0
0 0 0 0 0 0 0 0 0 0 0 0 0 0 0 0 0 0 0 0 0 0 0 0 0 0 0 0 0 0 0
dist
0 0 0 0 0 0 0 0 0 0 0 0 0 0 0 0 0 0 0 0 0 0 0 0 0 0 0 0 0 0 0
0 0 0 0 0 0 0 0 0 0 0 0 0 0 0 0 0 0 0 0 0 0 0 0 0 0 0 0 0 0 0
0 0 0 0 0 0 0 0 0 0 0 0 0 0 0 0 0 0 0 0 0 0 0 0 0 2 1 2 3 0 0
0 0 0 0 0 31 30 0 0 0 0 0 0 0 0 0 0 0 0 0 0 0 0 0 4 3 2 3 4 5 0
0 0 0 0 31 30 29 28 0 0 0 0 0 0 0 0 0 0 0 0 0 0 0 0 5 4 3 4 5 6 0
0 0 0 31 30 29 28 27 26 0 0 0 0 0 0 0 0 0 0 0 0 0 0 0 0 5 4 5 6 7 0
0 0 31 30 29 28 27 26 25 24 0 0 0 0 0 0 0 0 0 14 13 12 0 0 7 6 5 6 7 0 0
0 0 30 29 28 27 26 25 24 23 22 21 20 19 18 17 16 15 14 13 12 11 10 9 8 7 6 7 8 0 0
0 32 31 30 29 0 0 0 25 24 23 22 21 20 19 18 17 16 15 14 13 12 11 10 9 8 7 8 9 0 0
0 33 32 31 0 0 0 0 0 25 24 23 22 21 20 19 18 17 16 15 14 13 12 11 10 9 8 9 10 0 0
0 0 33 32 0 0 0 0 0 26 25 24 23 22 21 20 19 18 17 16 15 14 0 0 11 10 9 10 0 0 0
0 0 34 33 0 0 0 0 28 27 26 0 0 23 22 21 20 19 18 17 16 15 0 13 12 11 10 0 0 0 0
0 0 35 34 35 0 0 30 29 28 27 26 25 24 23 22 21 20 19 18 17 16 15 14 13 12 0 0 0 0 0
0 0 36 35 34 33 32 31 30 29 28 27 26 25 24 23 22 21 20 19 18 17 16 15 14 0 0 0 0 0 0
0 0 37 36 35 34 33 32 31 30 29 28 27 26 0 0 0 0 21 20 19 18 17 16 15 0 0 0 0 0 0
0 0 0 37 36 35 34 33 32 31 30 29 28 0 0 0 0 0 0 21 20 19 18 17 16 17 0 0 0 0 0
0 0 0 0 37 36 35 34 33 32 31 30 29 0 0 0 0 0 0 22 21 20 19 18 17 18 19 20 0 0 0
0 0 0 0 0 37 36 35 34 33 32 31 0 0 0 0 0 0 24 23 22 21 20 19 18 19 20 21 22 0 0
0 0 0 0 0 0 37 36 35 34 33 0 0 0 0 0 0 26 25 24 23 22 21 20 19 20 21 22 23 0 0
0 0 0 0 0 0 38 37 36 35 0 0 0 31 30 29 28 27 26 25 24 23 22 21 20 21 22 23 24 0 0
0 0 0 0 0 40 39 38 37 36 37 0 33 32 31 30 29 28 0 26 25 24 23 22 21 22 23 24 25 0 0
0 0 0 0 42 41 40 39 38 37 36 35 34 33 32 0 0 0 0 27 26 25 24 23 22 23 24 25 26 0 0
0 0 0 44 43 42 41 40 39 38 37 36 35 34 0 0 0 0 0 28 27 26 0 0 23 24 25 26 0 0 0
0 0 0 45 44 43 42 41 40 0 0 37 36 35 0 0 0 0 0 29 28 27 26 25 24 25 26 0 0 0 0
0 0 0 0 45 44 43 42 0 0 0 0 37 36 0 0 0 0 0 30 29 28 27 26 25 26 0 0 0 0 0
0 0 0 0 46 45 44 43 0 0 0 0 38 37 38 0 0 0 0 0 30 29 28 27 26 0 0 0 0 0 0
0 0 0 0 47 46 45 44 45 0 0 0 0 38 39 40 0 0 0 0 0 30 29 28 27 0 0 0 0 0 0
0 0 0 0 48 47 46 45 46 0 0 0 0 0 40 39 38 37 36 0 0 31 30 29 28 0 0 0 0 0 0
0 0 0 0 0 48 47 46 47 0 0 0 0 0 0 38 37 36 35 34 33 32 31 30 0 0 0 0 0 0 0
0 0 0 0 0 0 0 0 0 0 0 0 0 0 0 0 0 0 0 35 34 33 0 0 0 0 0 0 0 0 0
0 0 0 0 0 0 0 0 0 0 0 0 0 0 0 0 0 0 0 0 0 0 0 0 0 0 0 0 0 0 0
tiles
3 3 3 3 3 3 3 3 3 3 3 3 3 3 3 3 3 3 3 3 3 3 3 3 3 3 3 3 3 3 3
3 3 3 3 3 3 3 3 3 3 3 3 3 3 3 3 3 3 3 3 3 3 3 3 3 3 3 3 3 3 3
3 3 3 3 3 3 3 3 3 3 3 3 3 3 3 3 3 3 3 3 3 3 3 3 3 4 5 4 4 3 3
3 3 3 3 3 4 4 3 3 3 3 3 3 3 3 3 3 3 3 3 3 3 3 3 4 4 4 4 4 4 3
3 3 3 3 4 0 4 4 3 3 3 3 3 3 3 3 3 3 3 3 3 3 3 3 4 4 4 4 4 4 3
3 3 3 4 4 4 4 4 4 3 3 3 3 3 3 3 3 3 3 3 3 3 3 3 3 4 4 4 4 4 3
3 3 4 4 4 4 4 4 4 4 3 3 3 3 3 3 3 3 3 4 0 4 3 3 4 4 4 4 4 3 3
3 3 4 4 0 4 4 4 4 4 4 4 4 0 4 4 4 4 4 4 4 0 4 0 4 4 4 0 4 3 3
3 4 0 4 0 3 3 3 4 4 4 4 0 4 0 4 4 4 4 4 4 0 0 4 4 4 4 4 0 3 3
3 4 4 4 3 3 3 3 3 4 4 4 4 4 4 4 4 4 4 4 4 4 4 4 4 4 4 4 4 3 3
3 3 4 4 3 3 3 3 3 4 1 4 0 4 4 4 4 4 0 4 4 4 3 3 4 4 4 0 3 3 3
3 3 4 4 3 3 3 3 4 4 4 3 3 4 4 4 4 4 4 4 4 4 3 4 4 4 4 3 3 3 3
3 3 4 0 4 3 3 0 4 4 4 0 4 4 4 4 4 4 4 4 4 4 0 1 4 4 3 3 3 3 3
3 3 4 4 4 4 4 4 4 4 1 0 4 4 4 4 4 4 4 0 4 4 4 4 4 3 3 3 3 3 3
3 3 4 4 4 4 4 4 4 4 0 4 4 4 3 3 3 3 4 4 4 4 4 0 4 3 3 3 3 3 3
3 3 3 0 4 4 4 4 4 4 4 4 4 3 3 3 3 3 3 1 4 4 4 4 4 4 3 3 3 3 3
3 3 3 3 4 4 4 4 4 4 4 4 4 3 3 3 3 3 3 4 4 4 0 4 4 4 4 0 3 3 3
3 3 3 3 3 4 4 0 4 4 4 4 3 3 3 3 3 3 4 4 4 4 4 4 4 4 4 4 4 3 3
3 3 3 3 3 3 4 4 4 4 4 3 3 3 3 3 3 4 4 4 4 4 4 4 4 4 4 4 4 3 3
3 3 3 3 3 3 4 4 4 4 3 3 3 4 4 4 4 4 4 4 4 4 4 0 4 4 4 4 4 3 3
3 3 3 3 3 4 4 4 4 4 4 3 4 4 4 0 4 4 3 0 4 4 4 4 4 4 4 4 4 3 3
3 3 3 3 4 0 4 4 4 4 4 4 4 4 0 3 3 3 3 4 4 4 4 4 4 4 4 4 0 3 3
3 3 3 4 4 4 4 4 4 4 4 0 4 4 3 3 3 3 3 4 4 4 3 3 0 4 4 0 3 3 3
3 3 3 0 4 4 4 4 4 3 3 0 4 4 3 3 3 3 3 4 4 4 4 4 1 4 4 3 3 3 3
3 3 3 3 4 4 4 4 3 3 3 3 0 4 3 3 3 3 3 4 4 4 4 4 4 4 3 3 3 3 3
3 3 3 3 4 0 0 0 3 3 3 3 0 4 4 3 3 3 3 3 4 4 4 4 0 3 3 3 3 3 3
3 3 3 3 4 4 4 4 4 3 3 3 3 4 4 0 3 3 3 3 3 4 4 4 4 3 3 3 3 3 3
3 3 3 3 6 4 4 4 4 3 3 3 3 3 4 4 4 4 4 3 3 4 4 4 0 3 3 3 3 3 3
3 3 3 3 3 4 4 4 4 3 3 3 3 3 3 4 4 4 4 4 4 4 4 4 3 3 3 3 3 3 3
3 3 3 3 3 3 3 3 3 3 3 3 3 3 3 3 3 3 3 4 4 0 3 3 3 3 3 3 3 3 3
3 3 3 3 3 3 3 3 3 3 3 3 3 3 3 3 3 3 3 3 3 3 3 3 3 3 3 3 3 3 3
Event:0
