MAZE
height: 31
width: 31
stage: 4
storage
startPos: 1 5
endPos: 1 25
refresh
0 0 0 0 0 0 0 0 0 0 0 0 0 0 0 0 0 0 0 0 0 0 0 0 0 0 0 0 0 0 0
0 0 0 0 0 0 0 0 0 0 1 1 1 1 1 1 1 1 1 1 1 1 1 1 0 0 1 1 1 1 0
0 1 0 0 0 0 0 0 0 0 0 0 0 0 0 1 0 0 0 0 0 0 0 1 0 1 0 0 0 1 0
0 1 0 1 0 1 0 1 0 0 1 0 0 1 1 1 0 0 1 1 1 1 0 1 0 1 0 1 1 1 0
0 1 0 1 1 1 0 1 0 1 0 1 0 1 0 1 0 0 0 0 0 1 0 1 0 1 0 1 0 1 0
0 1 0 1 0 1 0 1 0 1 1 1 0 1 0 1 0 1 1 1 0 1 1 1 0 1 0 1 0 1 0
0 1 0 1 1 1 0 1 0 1 0 1 0 1 0 0 0 1 0 1 0 1 0 0 0 1 0 1 0 1 0
0 1 0 1 1 1 0 1 0 1 1 0 0 1 1 1 0 0 1 1 0 1 0 0 0 1 0 1 0 1 0
0 1 0 0 0 0 0 1 0 0 0 0 0 0 0 1 0 1 1 1 0 0 0 0 0 1 0 1 0 1 0
0 1 1 1 1 1 1 1 0 1 1 1 1 1 1 1 0 1 1 0 0 1 1 1 0 1 0 1 0 1 0
0 1 0 0 0 0 0 0 0 1 0 0 0 0 0 1 0 0 0 0 0 1 0 1 0 1 0 0 0 1 0
0 1 0 1 0 1 1 1 0 1 0 1 0 1 0 1 0 1 1 1 1 1 0 1 0 1 1 1 1 1 0
0 1 0 1 1 1 1 1 0 1 0 1 1 0 0 1 0 1 0 0 0 0 0 1 0 0 0 0 0 1 0
0 1 0 0 1 1 0 1 0 1 0 0 1 0 0 1 0 1 1 1 0 1 0 1 1 1 0 0 0 1 0
0 1 0 0 0 0 0 0 0 1 0 0 0 1 0 1 0 0 0 1 0 1 0 0 0 1 0 0 0 1 0
0 1 0 1 0 1 1 1 1 1 0 0 0 1 0 1 1 1 1 1 0 1 1 1 0 1 0 1 1 1 0
0 1 0 1 0 1 0 0 0 0 0 0 0 0 0 1 0 0 0 0 0 0 0 1 0 1 0 1 0 0 0
0 1 0 1 0 1 1 1 1 1 1 1 1 1 0 1 1 1 0 0 0 1 0 1 0 1 0 1 1 1 0
0 1 0 1 0 0 0 0 0 1 0 0 0 1 0 0 0 1 0 1 1 0 0 1 0 1 0 0 0 1 0
0 1 0 1 1 1 1 1 0 1 0 0 0 1 1 1 0 1 0 0 1 1 0 1 0 1 0 0 0 1 0
0 1 0 1 0 0 0 1 0 1 0 0 0 0 0 0 0 1 0 0 1 0 0 1 0 1 0 0 0 1 0
0 1 1 1 0 1 1 1 0 1 1 1 0 1 1 1 1 1 0 0 1 1 0 1 0 1 1 1 1 1 0
0 1 0 0 0 0 0 0 0 0 0 1 0 1 0 0 0 0 0 0 0 0 0 1 0 0 0 0 0 0 0
0 1 0 1 0 1 1 1 0 1 1 1 0 1 0 0 0 1 1 1 1 1 1 1 1 1 0 1 1 1 0
0 1 0 1 1 1 1 1 0 1 0 1 0 1 0 0 0 1 0 0 0 0 0 0 0 1 0 1 1 1 0
0 1 0 1 1 1 0 1 0 1 0 1 0 1 1 1 0 1 1 1 1 1 0 1 1 1 0 1 1 0 0
0 1 0 1 1 1 1 1 0 1 0 0 0 0 0 1 0 0 0 0 0 1 0 1 0 0 0 0 1 1 0
0 1 0 1 1 0 1 1 0 1 1 1 0 0 0 1 1 1 1 1 1 1 0 1 1 1 0 1 0 1 0
0 1 0 0 0 0 0 0 0 0 0 1 0 0 0 0 0 0 0 0 0 0 0 0 0 1 0 0 0 0 0
0 1 1 1 0 0 0 0 0 0 0 1 1 1 1 1 1 1 1 1 1 1 1 1 1 1 1 1 1 1 0
0 0 0 0 0 0 0 0 0 0 0 0 0 0 0 0 0 0 0 0 0 0 0 0 0 0 0 0 0 0 0
dist
0 0 0 0 0 0 0 0 0 0 0 0 0 0 0 0 0 0 0 0 0 0 0 0 0 0 0 0 0 0 0
0 5 4 3 2 1 2 3 4 5 6 7 8 9 10 11 12 13 14 15 16 17 18 19 0 93 92 91 90 89 0
0 6 0 0 0 0 0 0 0 0 0 0 0 0 0 12 0 0 0 0 0 0 0 20 0 92 0 0 0 88 0
0 7 0 29 28 27 26 25 0 21 20 19 0 15 14 13 0 0 30 29 28 27 0 21 0 91 0 89 88 87 0
0 8 0 30 29 28 0 24 0 20 19 18 17 16 0 14 0 0 31 0 0 26 0 22 0 90 0 88 0 86 0
0 9 0 31 30 29 0 23 0 21 20 19 0 17 0 15 0 33 32 31 0 25 24 23 0 89 0 87 86 85 0
0 10 0 32 31 30 0 22 0 22 21 20 0 18 0 0 0 32 31 30 0 26 0 0 0 88 0 88 0 84 0
0 11 0 33 32 31 0 21 0 23 22 21 0 19 20 21 0 31 30 29 28 27 0 0 0 87 0 89 0 83 0
0 12 0 0 0 0 0 20 0 0 0 0 0 0 0 22 0 32 31 30 0 0 0 0 0 86 0 90 0 82 0
0 13 14 15 16 17 18 19 0 29 28 27 26 25 24 23 0 33 32 31 0 45 46 47 0 85 0 91 0 81 0
0 14 0 0 0 0 0 0 0 30 0 0 0 0 0 24 0 0 0 0 0 44 0 48 0 84 0 0 0 80 0
0 15 0 19 20 21 22 23 0 31 0 37 38 39 0 25 0 39 40 41 42 43 0 49 0 83 82 81 80 79 0
0 16 17 18 19 20 21 22 0 32 0 36 37 38 0 26 0 38 0 0 0 0 0 50 0 0 0 0 0 78 0
0 17 0 19 20 21 22 23 0 33 34 35 36 37 0 27 0 37 36 35 0 81 0 51 52 53 0 0 0 77 0
0 18 0 0 0 0 0 0 0 34 0 36 37 38 0 28 0 0 0 34 0 80 0 0 0 54 0 0 0 76 0
0 19 0 33 0 39 38 37 36 35 0 37 38 39 0 29 30 31 32 33 0 79 78 77 0 55 0 73 74 75 0
0 20 0 32 0 40 0 0 0 0 0 0 0 0 0 30 0 0 0 0 0 0 0 76 0 56 0 72 0 0 0
0 21 0 31 0 41 42 43 44 45 46 47 48 49 0 31 32 33 0 79 78 77 0 75 0 57 0 71 70 69 0
0 22 0 30 0 0 0 0 0 46 0 0 0 50 0 0 0 34 0 78 77 76 0 74 0 58 0 0 0 68 0
0 23 0 29 30 31 32 33 0 47 0 0 0 51 52 53 0 35 0 77 76 75 0 73 0 59 0 0 0 67 0
0 24 0 28 0 0 0 34 0 48 0 0 0 0 0 0 0 36 0 76 75 74 0 72 0 60 0 0 0 66 0
0 25 26 27 0 37 36 35 0 49 50 51 0 41 40 39 38 37 0 75 74 73 72 71 0 61 62 63 64 65 0
0 26 0 0 0 0 0 0 0 0 0 52 0 42 0 0 0 0 0 0 0 0 0 70 0 0 0 0 0 0 0
0 27 0 41 42 43 44 45 0 55 54 53 0 43 0 0 0 63 64 65 66 67 68 69 70 71 72 73 74 75 0
0 28 0 40 41 42 43 44 0 56 0 54 0 44 0 0 0 62 0 0 0 0 0 0 0 72 0 74 75 76 0
0 29 0 39 40 41 42 43 0 57 0 55 0 45 46 47 0 61 60 59 58 57 0 75 74 73 0 75 76 77 0
0 30 0 38 39 40 41 42 0 58 0 0 0 0 0 48 0 0 0 0 0 56 0 76 0 0 0 76 77 78 0
0 31 0 37 38 39 40 41 0 59 60 61 0 0 0 49 50 51 52 53 54 55 0 77 78 79 0 77 78 79 0
0 32 0 36 0 0 0 0 0 0 0 62 0 0 0 0 0 0 0 0 0 0 0 76 0 78 0 0 0 0 0
0 33 34 35 0 0 0 0 0 0 0 63 64 65 66 67 68 69 70 71 72 73 74 75 76 77 78 79 80 81 0
0 0 0 0 0 0 0 0 0 0 0 0 0 0 0 0 0 0 0 0 0 0 0 0 0 0 0 0 0 0 0
tiles
3 3 3 3 3 3 3 3 3 3 3 3 3 3 3 3 3 3 3 3 3 3 3 3 3 3 3 3 3 3 3
3 4 4 4 4 5 4 4 4 4 0 4 4 4 0 4 4 4 4 4 4 0 4 0 3 6 4 4 4 1 3
3 4 3 3 3 3 3 3 3 3 3 3 3 3 3 4 3 3 3 3 3 3 3 4 3 4 3 3 3 4 3
3 4 3 4 1 4 0 4 3 1 1 1 3 4 4 4 3 3 4 4 4 4 3 4 3 4 3 4 4 4 3
3 4 3 4 4 4 3 0 3 4 1 4 7 4 3 4 3 3 0 3 3 1 3 4 3 4 3 4 3 4 3
3 4 3 4 1 4 3 4 3 4 4 4 3 0 3 4 3 4 4 4 3 4 4 4 3 4 3 4 7 4 3
3 4 3 4 0 0 3 4 3 0 1 4 3 0 3 3 3 4 1 4 3 4 3 3 3 4 3 4 3 0 3
3 4 3 4 0 4 3 0 3 4 4 1 3 4 4 4 3 1 4 4 7 4 3 3 3 4 3 4 3 4 3
3 4 3 3 3 3 3 4 3 3 3 3 3 3 3 4 3 4 4 4 3 3 3 3 3 1 3 4 3 4 3
3 0 4 4 4 4 4 4 3 4 4 4 4 4 4 4 3 4 4 1 3 4 4 0 3 4 3 4 3 4 3
3 4 3 3 3 3 3 3 3 4 3 3 3 3 3 4 3 3 3 3 3 4 3 4 3 4 3 3 3 4 3
3 4 3 4 1 4 4 4 3 4 3 0 1 4 3 4 3 4 0 4 4 4 3 4 3 4 4 4 4 4 3
3 4 7 4 4 4 4 4 3 4 3 1 4 1 3 4 3 4 3 3 3 3 3 4 3 3 3 3 3 4 3
3 4 3 1 4 4 1 4 3 0 0 1 4 1 3 4 3 4 4 0 3 0 3 1 4 4 3 3 3 4 3
3 0 3 3 3 3 3 3 3 0 3 1 1 0 3 0 3 3 3 4 3 4 3 3 3 4 3 3 3 4 3
3 4 3 4 3 4 4 1 4 4 3 1 1 4 3 4 0 4 4 1 3 4 4 4 3 4 3 4 4 4 3
3 0 3 4 3 4 3 3 3 3 3 3 3 3 3 4 3 3 3 3 3 3 3 4 3 4 3 4 3 3 3
3 0 3 4 3 4 4 4 4 4 4 4 4 4 3 4 4 4 3 1 1 4 3 4 3 4 3 4 4 4 3
3 4 3 4 3 3 3 3 3 0 3 3 3 4 3 3 3 4 3 4 4 1 3 4 3 4 3 3 3 4 3
3 0 3 4 4 0 4 4 3 4 3 3 3 4 4 4 3 4 3 1 4 4 3 4 3 4 3 3 3 4 3
3 4 3 4 3 3 3 4 3 4 3 3 3 3 3 3 3 4 3 1 4 1 3 4 3 4 3 3 3 4 3
3 4 4 4 3 4 4 4 3 4 0 4 3 0 4 4 4 4 3 1 4 4 0 4 3 4 4 4 4 0 3
3 4 3 3 3 3 3 3 3 3 3 4 3 4 3 3 3 3 3 3 3 3 3 4 3 3 3 3 3 3 3
3 4 3 4 1 1 4 4 3 4 4 0 3 4 3 3 3 4 4 4 4 4 0 4 0 0 7 4 4 0 3
3 4 3 4 4 4 4 4 3 4 3 4 3 4 3 3 3 4 3 3 3 3 3 3 3 4 3 0 4 4 3
3 4 3 4 4 4 1 4 3 4 3 4 3 4 4 4 3 4 4 4 4 4 3 4 4 4 3 4 0 1 3
3 0 3 4 0 4 4 0 3 4 3 3 3 3 3 4 3 3 3 3 3 4 3 4 3 3 3 1 4 4 3
3 4 3 4 4 1 4 0 3 4 4 4 3 3 3 4 4 4 4 0 0 4 3 4 4 4 3 4 1 4 3
3 4 3 7 3 3 3 3 3 3 3 4 3 3 3 3 3 3 3 3 3 3 3 0 3 1 3 3 3 3 3
3 4 0 4 3 3 3 3 3 3 3 4 4 4 0 4 1 4 0 4 4 0 4 4 4 4 0 4 4 4 3
3 3 3 3 3 3 3 3 3 3 3 3 3 3 3 3 3 3 3 3 3 3 3 3 3 3 3 3 3 3 3
Event:0
