CAVE
height: 31
width: 31
stage: 1
storage
startPos: 5 21
endPos: 28 22
refresh
0 0 0 0 0 0 0 0 0 0 0 0 0 0 0 0 0 0 0 0 0 0 0 0 0 0 0 0 0 0 0
0 0 0 0 0 0 0 0 0 0 0 0 0 0 0 0 0 0 0 0 0 0 0 0 0 0 0 0 0 0 0
0 0 0 0 0 1 1 0 0 0 0 0 0 0 0 0 0 0 0 0 0 0 0 0 0 0 0 0 0 0 0
0 0 0 1 1 1 1 1 0 0 0 0 0 0 0 0 0 0 0 0 0 0 0 0 1 1 0 0 0 0 0
0 0 1 1 1 1 1 1 0 0 0 0 0 0 0 0 0 0 0 0 0 0 0 0 0 1 1 0 0 0 0
0 0 1 1 1 1 1 1 0 0 0 0 0 1 1 1 1 1 0 0 0 0 0 0 0 0 1 1 0 0 0
0 0 1 1 1 0 1 1 1 0 0 1 1 1 1 1 1 1 1 0 0 0 0 0 0 1 1 1 1 0 0
0 0 1 1 0 0 0 1 1 1 1 1 1 1 1 1 1 1 1 0 0 0 0 0 1 1 1 1 1 0 0
0 0 1 1 0 0 0 0 1 1 1 1 1 1 1 1 1 1 1 1 0 0 0 1 1 1 1 1 0 0 0
0 0 1 1 0 0 0 0 0 0 1 1 1 1 1 1 1 1 1 1 1 0 1 1 1 1 1 0 0 0 0
0 0 1 1 0 0 0 0 0 0 1 1 1 1 1 1 1 1 1 1 1 1 1 1 1 1 1 0 0 0 0
0 0 1 1 1 0 0 0 0 0 1 1 1 1 1 1 1 1 1 1 1 1 1 1 1 1 1 0 0 0 0
0 0 0 1 1 1 1 1 1 1 1 1 1 1 1 1 1 1 1 1 1 1 1 1 1 1 1 1 0 0 0
0 0 0 0 1 1 1 1 1 1 1 1 1 1 1 1 1 1 1 1 1 1 1 1 1 1 1 1 1 0 0
0 0 0 0 0 1 1 1 1 1 1 1 1 1 1 1 1 1 1 1 1 1 1 1 1 1 1 1 1 0 0
0 0 0 0 0 1 1 1 1 1 1 1 1 1 1 1 1 1 1 1 1 1 1 1 1 1 1 1 1 0 0
0 0 0 0 1 1 1 1 1 1 1 1 1 1 1 1 1 1 0 0 1 1 1 1 0 1 1 1 1 0 0
0 0 0 1 1 1 1 1 1 1 1 0 0 1 1 1 1 0 0 0 0 0 0 0 0 0 1 1 1 0 0
0 0 0 1 1 1 0 1 1 1 0 0 0 0 1 1 0 0 0 0 0 0 0 0 0 0 0 1 1 0 0
0 0 0 0 1 1 0 0 1 1 1 0 0 0 0 0 0 0 0 0 0 0 0 0 0 0 0 0 0 0 0
0 0 0 0 1 1 0 1 1 1 1 1 0 0 0 0 0 0 0 0 0 0 0 0 0 0 0 0 0 0 0
0 0 0 1 1 1 1 1 1 1 1 1 1 0 0 0 0 0 0 0 0 0 0 0 0 0 0 0 0 0 0
0 0 1 1 1 1 1 1 0 0 1 1 1 1 0 0 0 0 0 1 1 1 1 0 0 0 0 0 0 0 0
0 0 1 1 1 1 1 0 0 0 0 1 1 1 1 0 0 0 1 1 1 1 1 1 0 0 0 0 0 0 0
0 0 1 1 1 1 0 0 0 0 0 1 1 1 1 1 1 1 1 1 1 1 1 1 1 0 0 0 0 0 0
0 0 1 1 1 1 1 0 0 0 1 1 1 1 1 1 1 1 1 1 1 1 1 1 0 0 0 0 0 0 0
0 0 1 1 1 1 1 1 1 1 1 1 1 1 1 1 1 1 1 1 1 1 1 1 0 0 0 0 0 0 0
0 0 0 1 1 1 1 1 1 1 1 0 0 1 1 1 1 1 1 1 1 1 1 0 0 0 0 0 0 0 0
0 0 0 0 0 1 1 1 1 1 0 0 0 0 1 1 1 1 1 1 1 1 0 0 0 0 0 0 0 0 0
0 0 0 0 0 0 0 0 0 0 0 0 0 0 0 0 1 1 0 0 0 0 0 0 0 0 0 0 0 0 0
0 0 0 0 0 0 0 0 0 0 0 0 0 0 0 0 0 0 0 0 0 0 0 0 0 0 0 0 0 0 0
dist
0 0 0 0 0 0 0 0 0 0 0 0 0 0 0 0 0 0 0 0 0 0 0 0 0 0 0 0 0 0 0
0 0 0 0 0 0 0 0 0 0 0 0 0 0 0 0 0 0 0 0 0 0 0 0 0 0 0 0 0 0 0
0 0 0 0 0 26 25 0 0 0 0 0 0 0 0 0 0 0 0 0 0 0 0 0 0 0 0 0 0 0 0
0 0 0 27 26 25 24 23 0 0 0 0 0 0 0 0 0 0 0 0 0 0 0 5 6 7 0 0 0 0 0
0 0 27 26 25 24 23 22 0 0 0 0 0 0 0 0 0 0 0 0 0 0 3 4 5 6 7 0 0 0 0
0 0 26 25 24 23 22 21 0 0 0 0 0 15 14 13 12 11 0 0 0 1 2 3 4 5 6 7 0 0 0
0 0 27 26 25 0 21 20 19 0 0 16 15 14 13 12 11 10 9 0 0 2 3 4 5 6 7 8 9 0 0
0 0 28 27 0 0 0 19 18 17 16 15 14 13 12 11 10 9 8 0 0 3 4 5 6 7 8 9 10 0 0
0 0 29 28 0 0 0 0 17 16 15 14 13 12 11 10 9 8 7 6 5 4 5 6 7 8 9 10 0 0 0
0 0 30 29 0 0 0 0 0 0 16 15 14 13 12 11 10 9 8 7 6 5 6 7 8 9 10 0 0 0 0
0 0 29 28 0 0 0 0 0 0 17 16 15 14 13 12 11 10 9 8 7 6 7 8 9 10 11 0 0 0 0
0 0 28 27 26 0 0 0 0 0 18 17 16 15 14 13 12 11 10 9 8 7 8 9 10 11 12 0 0 0 0
0 0 0 26 25 24 23 22 21 20 19 18 17 16 15 14 13 12 11 10 9 8 9 10 11 12 13 14 0 0 0
0 0 0 0 26 25 24 23 22 21 20 19 18 17 16 15 14 13 12 11 10 9 10 11 12 13 14 15 16 0 0
0 0 0 0 0 26 25 24 23 22 21 20 19 18 17 16 15 14 13 12 11 10 11 12 13 14 15 16 17 0 0
0 0 0 0 0 27 26 25 24 23 22 21 20 19 18 17 16 15 14 13 12 11 12 13 14 15 16 17 18 0 0
0 0 0 0 29 28 27 26 25 24 23 22 21 20 19 18 17 16 0 0 13 12 13 14 0 16 17 18 19 0 0
0 0 0 31 30 29 28 27 26 25 24 0 0 21 20 19 18 0 0 0 0 0 0 0 0 0 18 19 20 0 0
0 0 0 32 31 30 0 28 27 26 0 0 0 0 21 20 0 0 0 0 0 0 0 0 0 0 0 20 21 0 0
0 0 0 0 32 31 0 0 28 27 28 0 0 0 0 0 0 0 0 0 0 0 0 0 0 0 0 0 0 0 0
0 0 0 0 33 32 0 30 29 28 29 30 0 0 0 0 0 0 0 0 0 0 0 0 0 0 0 0 0 0 0
0 0 0 35 34 33 32 31 30 29 30 31 32 0 0 0 0 0 0 0 0 0 0 0 0 0 0 0 0 0 0
0 0 37 36 35 34 33 32 0 0 31 32 33 34 0 0 0 0 0 44 45 46 47 0 0 0 0 0 0 0 0
0 0 38 37 36 35 34 0 0 0 0 33 34 35 36 0 0 0 42 43 44 45 46 47 0 0 0 0 0 0 0
0 0 39 38 37 36 0 0 0 0 0 34 35 36 37 38 39 40 41 42 43 44 45 46 47 0 0 0 0 0 0
0 0 40 39 38 37 38 0 0 0 36 35 36 37 38 39 40 41 42 43 44 45 46 47 0 0 0 0 0 0 0
0 0 41 40 39 38 39 40 39 38 37 36 37 38 39 40 41 42 43 44 45 46 47 48 0 0 0 0 0 0 0
0 0 0 41 40 39 40 41 40 39 38 0 0 39 40 41 42 43 44 45 46 47 48 0 0 0 0 0 0 0 0
0 0 0 0 0 40 41 42 41 40 0 0 0 0 41 42 43 44 45 46 47 48 49 0 0 0 0 0 0 0 0
0 0 0 0 0 0 0 0 0 0 0 0 0 0 0 0 44 45 0 0 0 0 0 0 0 0 0 0 0 0 0
0 0 0 0 0 0 0 0 0 0 0 0 0 0 0 0 0 0 0 0 0 0 0 0 0 0 0 0 0 0 0
tiles
3 3 3 3 3 3 3 3 3 3 3 3 3 3 3 3 3 3 3 3 3 3 3 3 3 3 3 3 3 3 3
3 3 3 3 3 3 3 3 3 3 3 3 3 3 3 3 3 3 3 3 3 3 3 3 3 3 3 3 3 3 3
3 3 3 3 3 4 4 3 3 3 3 3 3 3 3 3 3 3 3 3 3 3 3 3 3 3 3 3 3 3 3
3 3 3 4 0 4 4 4 3 3 3 3 3 3 3 3 3 3 3 3 3 3 3 4 4 4 3 3 3 3 3
3 3 0 4 4 4 4 4 3 3 3 3 3 3 3 3 3 3 3 3 3 3 4 4 4 4 0 3 3 3 3
3 3 0 0 4 4 4 4 3 3 3 3 3 4 4 4 0 4 3 3 3 5 4 4 4 4 4 4 3 3 3
3 3 4 4 4 3 1 4 4 3 3 4 0 4 4 4 4 4 0 3 3 4 4 4 4 4 4 4 4 3 3
3 3 4 4 3 3 3 0 4 4 4 4 4 4 4 4 4 0 4 3 3 4 4 4 4 4 1 4 4 3 3
3 3 4 4 3 3 3 3 4 4 4 0 4 4 4 4 4 0 4 4 4 4 4 4 4 4 4 4 3 3 3
3 3 4 0 3 3 3 3 3 3 4 4 4 4 4 0 4 4 4 4 4 4 4 4 4 4 4 3 3 3 3
3 3 4 4 3 3 3 3 3 3 4 0 4 4 4 4 1 4 4 4 4 4 4 4 4 4 4 3 3 3 3
3 3 4 4 4 3 3 3 3 3 4 4 4 0 4 4 0 4 4 4 0 4 4 4 4 4 4 3 3 3 3
3 3 3 4 4 4 0 4 0 0 4 4 4 0 4 4 4 4 4 4 4 4 4 4 4 4 4 4 3 3 3
3 3 3 3 4 4 4 4 0 4 4 4 4 4 0 4 4 4 4 4 4 0 0 4 4 4 4 4 4 3 3
3 3 3 3 3 4 4 0 4 4 4 0 0 4 4 4 4 4 4 4 4 4 4 4 4 4 0 4 4 3 3
3 3 3 3 3 4 4 4 4 4 4 4 4 4 4 4 4 4 4 4 4 4 4 4 4 4 0 4 4 3 3
3 3 3 3 4 4 4 4 4 4 4 4 4 4 4 4 4 4 3 3 4 4 4 4 3 4 4 0 4 3 3
3 3 3 4 4 4 4 4 4 4 4 3 3 4 4 4 4 3 3 3 3 3 3 3 3 3 4 4 4 3 3
3 3 3 0 4 4 3 4 4 4 3 3 3 3 4 4 3 3 3 3 3 3 3 3 3 3 3 4 4 3 3
3 3 3 3 4 1 3 3 4 4 4 3 3 3 3 3 3 3 3 3 3 3 3 3 3 3 3 3 3 3 3
3 3 3 3 4 4 3 4 4 4 4 4 3 3 3 3 3 3 3 3 3 3 3 3 3 3 3 3 3 3 3
3 3 3 4 0 4 4 4 4 4 4 4 4 3 3 3 3 3 3 3 3 3 3 3 3 3 3 3 3 3 3
3 3 0 4 4 4 4 4 3 3 4 4 4 1 3 3 3 3 3 4 4 4 4 3 3 3 3 3 3 3 3
3 3 4 4 4 4 4 3 3 3 3 4 4 1 4 3 3 3 4 1 4 4 4 0 3 3 3 3 3 3 3
3 3 4 4 4 4 3 3 3 3 3 4 4 4 4 4 4 4 4 4 0 0 4 4 1 3 3 3 3 3 3
3 3 4 4 4 4 4 3 3 3 4 4 4 4 4 4 4 4 4 4 4 4 4 4 3 3 3 3 3 3 3
3 3 4 4 0 4 4 4 4 4 0 4 4 0 4 4 4 4 4 4 4 4 4 4 3 3 3 3 3 3 3
3 3 3 0 4 4 0 4 4 4 4 3 3 4 4 4 4 4 4 4 4 4 4 3 3 3 3 3 3 3 3
3 3 3 3 3 4 4 4 4 4 3 3 3 3 4 4 0 4 0 4 4 4 6 3 3 3 3 3 3 3 3
3 3 3 3 3 3 3 3 3 3 3 3 3 3 3 3 4 4 3 3 3 3 3 3 3 3 3 3 3 3 3
3 3 3 3 3 3 3 3 3 3 3 3 3 3 3 3 3 3 3 3 3 3 3 3 3 3 3 3 3 3 3
