MAZE
height: 31
width: 31
stage: 3
storage
startPos: 25 27
endPos: 1 29
refresh: 
0 0 0 0 0 0 0 0 0 0 0 0 0 0 0 0 0 0 0 0 0 0 0 0 0 0 0 0 0 0 0
0 0 0 0 0 0 0 1 1 1 1 1 1 1 1 1 1 1 0 0 0 0 0 1 1 1 0 1 0 0 0
0 0 0 0 0 0 0 1 0 0 0 1 0 0 0 0 0 1 0 0 0 0 0 1 0 1 1 1 0 1 0
0 1 1 1 1 1 0 1 1 1 0 1 0 1 1 1 1 1 0 0 0 0 0 0 1 1 1 1 0 1 0
0 1 1 1 0 1 0 0 0 0 0 1 0 1 0 0 0 0 0 0 0 0 0 0 0 0 0 0 0 1 0
0 1 1 1 0 1 0 1 1 1 1 1 0 1 1 1 0 1 1 1 0 1 1 1 1 1 1 1 1 1 0
0 1 1 1 1 1 0 1 0 0 0 0 0 0 0 1 0 0 1 1 0 1 0 0 0 0 0 0 0 0 0
0 1 1 0 1 1 0 1 0 1 1 1 1 0 0 1 0 1 1 1 0 1 0 1 1 1 1 1 0 0 0
0 0 0 0 0 0 0 1 0 1 1 1 1 1 1 1 0 1 0 1 0 1 0 0 0 0 0 1 0 0 0
0 1 0 1 1 1 1 1 0 1 0 1 1 1 0 0 0 1 1 1 0 1 0 1 1 1 0 1 0 0 0
0 1 0 1 0 0 0 1 0 0 0 0 0 0 0 0 0 0 0 0 0 1 0 1 1 0 0 1 0 0 0
0 1 0 1 0 1 0 1 1 1 0 1 1 1 0 0 0 0 0 0 0 1 0 1 1 1 0 1 0 0 0
0 1 0 1 0 1 0 0 0 1 1 1 0 1 0 0 0 0 0 0 0 1 0 1 1 1 0 1 0 0 0
0 1 0 1 0 1 1 1 0 1 0 1 0 1 0 0 0 0 0 0 0 1 0 1 0 1 0 1 0 0 0
0 1 0 1 0 0 0 1 0 1 0 1 0 1 0 0 0 0 0 0 0 1 0 0 0 0 0 1 0 0 0
0 1 0 1 0 1 1 1 0 1 0 1 0 1 1 1 1 1 1 1 1 1 0 0 0 1 1 1 0 0 0
0 1 0 1 0 1 0 0 0 1 0 1 0 0 0 0 0 0 0 0 0 0 0 0 0 1 0 1 0 0 0
0 1 1 1 1 1 0 0 0 1 0 1 0 1 0 0 1 1 0 1 0 1 1 1 0 1 0 1 1 1 0
0 1 0 0 0 0 0 0 0 1 0 1 0 1 0 1 1 1 0 1 0 1 0 1 0 1 0 0 0 1 0
0 1 0 1 1 1 1 1 0 1 0 1 0 1 0 0 1 1 0 1 0 1 1 0 0 1 0 0 0 1 0
0 1 0 0 1 1 1 1 0 1 0 1 0 1 0 1 1 1 0 1 0 0 0 0 0 0 0 0 0 1 0
0 1 0 1 1 1 0 1 0 1 0 1 1 1 0 1 1 0 0 1 1 1 1 1 1 1 1 1 1 1 0
0 1 0 0 0 0 0 0 0 1 0 0 0 1 0 0 0 0 0 0 0 0 0 1 0 0 0 0 0 0 0
0 1 1 1 1 1 0 1 1 1 0 1 0 1 0 1 1 1 1 1 1 1 0 1 1 1 0 0 0 0 0
0 0 0 0 0 0 0 1 0 1 0 1 0 1 0 1 0 0 0 0 0 1 0 0 0 1 0 0 0 0 0
0 1 1 1 1 1 1 1 0 1 1 1 0 1 1 1 0 1 1 1 0 1 1 1 1 1 0 0 0 0 0
0 1 0 0 0 0 0 1 0 0 0 0 0 0 0 0 0 1 0 1 0 0 0 0 0 1 0 0 0 0 0
0 1 0 1 1 1 1 1 0 1 1 1 1 1 1 1 0 1 0 1 0 0 0 0 0 1 0 0 0 0 0
0 1 0 0 0 0 0 0 0 1 0 0 0 0 0 1 0 0 0 0 0 0 0 0 0 1 0 0 0 0 0
0 1 1 1 1 1 1 1 1 1 0 0 0 0 0 1 1 1 1 1 1 1 1 1 1 1 1 1 1 1 0
0 0 0 0 0 0 0 0 0 0 0 0 0 0 0 0 0 0 0 0 0 0 0 0 0 0 0 0 0 0 0
dist: 
0 0 0 0 0 0 0 0 0 0 0 0 0 0 0 0 0 0 0 0 0 0 0 0 0 0 0 0 0 0 0
0 0 0 0 0 0 0 69 68 67 66 65 66 67 68 69 70 71 0 0 0 0 0 81 80 79 80 81 0 83 0
0 0 0 0 0 0 0 70 0 0 0 64 0 0 0 0 0 72 0 0 0 0 0 80 79 78 79 80 0 82 0
0 65 64 63 64 65 0 71 72 73 0 63 0 69 70 71 72 73 0 0 0 0 0 79 78 77 78 79 0 81 0
0 64 63 62 63 64 0 0 0 0 0 62 0 68 0 0 0 0 0 0 0 0 0 0 0 76 0 0 0 80 0
0 63 62 61 62 63 0 57 58 59 60 61 0 67 66 65 0 75 74 73 0 71 72 73 74 75 76 77 78 79 0
0 62 61 60 61 62 0 56 0 0 0 0 0 0 0 64 0 74 73 72 0 70 0 0 0 0 0 0 0 0 0
0 61 60 59 60 61 0 55 0 57 58 59 60 61 0 63 0 73 72 71 0 69 0 47 46 45 44 43 0 0 0
0 0 0 58 0 0 0 54 55 56 57 58 59 60 61 62 0 72 71 70 69 68 0 0 0 0 0 42 0 0 0
0 75 0 57 56 55 54 53 54 55 56 57 58 59 0 0 0 73 72 71 0 67 0 45 44 43 0 41 0 0 0
0 74 0 58 0 0 0 52 0 0 0 0 0 0 0 0 0 0 0 0 0 66 0 44 43 42 0 40 0 0 0
0 73 0 59 0 77 0 51 50 49 0 47 48 49 0 0 0 0 0 0 0 65 0 43 42 41 0 39 0 0 0
0 72 0 60 0 76 0 0 0 48 47 46 0 50 0 0 0 0 0 0 0 64 0 42 41 40 0 38 0 0 0
0 71 0 61 0 75 74 73 0 49 0 45 0 51 0 0 0 0 0 0 0 63 0 41 40 39 0 37 0 0 0
0 70 0 62 0 0 0 72 0 50 0 44 0 52 0 0 0 0 0 0 0 62 0 0 0 38 0 36 0 0 0
0 69 0 63 0 69 70 71 0 51 0 43 0 53 54 55 56 57 58 59 60 61 0 0 0 37 36 35 0 0 0
0 68 0 64 0 68 0 0 0 52 0 42 0 0 0 56 0 0 0 0 0 0 0 0 0 38 0 34 0 0 0
0 67 66 65 66 67 0 0 0 53 0 41 0 39 0 57 58 59 0 29 0 47 46 45 0 39 0 33 32 31 0
0 68 0 0 67 0 0 0 0 54 0 40 0 38 0 58 59 60 0 28 0 46 45 44 0 40 0 0 0 30 0
0 69 0 69 68 69 70 71 0 55 0 39 0 37 0 59 60 61 0 27 0 45 44 43 42 41 0 0 0 29 0
0 70 0 70 69 70 71 72 0 56 0 38 0 36 0 60 61 62 0 26 0 0 0 0 0 0 0 0 0 28 0
0 71 0 71 70 71 72 73 0 55 0 37 36 35 0 61 62 63 0 25 24 23 22 21 22 23 24 25 26 27 0
0 72 0 0 0 0 0 0 0 54 0 0 0 34 0 0 0 0 0 0 0 0 0 20 0 0 0 0 0 0 0
0 73 74 75 76 77 0 51 52 53 0 59 0 33 0 27 26 25 24 23 22 21 0 19 18 17 0 3 4 5 0
0 0 0 0 0 0 0 50 0 54 0 58 0 32 0 28 0 26 0 0 0 20 0 0 0 16 0 2 3 4 0
0 43 44 45 46 47 48 49 0 55 56 57 0 31 30 29 0 27 28 29 0 19 18 17 16 15 0 1 2 3 0
0 42 0 0 0 0 0 50 0 0 0 0 0 0 0 0 0 28 29 30 0 0 0 0 0 14 0 2 3 4 0
0 41 0 55 54 53 52 51 0 29 28 27 26 25 24 23 0 29 30 31 0 0 0 0 0 13 0 3 4 5 0
0 40 0 0 0 0 0 0 0 30 0 0 0 0 0 22 0 0 0 0 0 0 0 0 0 12 0 0 0 6 0
0 39 38 37 36 35 34 33 32 31 0 0 0 0 0 21 20 19 18 17 16 15 14 13 12 11 10 9 8 7 0
0 0 0 0 0 0 0 0 0 0 0 0 0 0 0 0 0 0 0 0 0 0 0 0 0 0 0 0 0 0 0
tiles: 
3 3 3 3 3 3 3 3 3 3 3 3 3 3 3 3 3 3 3 3 3 3 3 3 3 3 3 3 3 3 3
3 3 3 3 3 3 3 4 4 1 4 4 4 4 0 4 4 4 3 3 3 3 3 4 4 4 1 0 3 6 3
3 3 3 3 3 3 3 4 3 3 3 4 3 3 3 3 3 1 3 3 3 3 3 4 1 4 4 4 3 4 3
3 4 4 0 4 4 3 4 4 4 3 4 3 4 4 4 4 4 3 3 3 3 3 1 0 4 4 0 3 4 3
3 4 4 4 1 4 3 3 3 3 3 4 3 4 3 3 3 3 3 3 3 3 3 3 3 0 3 3 3 4 3
3 0 4 4 1 4 3 4 4 4 1 4 3 4 4 4 3 4 4 4 3 4 4 0 4 4 0 4 4 4 3
3 4 4 4 4 4 3 4 3 3 3 3 3 3 3 0 3 1 4 4 3 4 3 3 3 3 3 3 3 3 3
3 1 4 1 4 4 3 4 3 4 4 4 4 1 3 4 3 4 0 4 3 4 3 4 4 0 4 4 3 3 3
3 3 3 2 3 3 3 4 2 4 4 4 4 0 4 4 3 4 1 4 0 4 3 3 3 3 3 4 3 3 3
3 4 3 4 4 0 4 4 2 4 1 4 4 4 3 3 3 4 4 4 3 4 3 4 0 4 3 4 3 3 3
3 0 3 4 3 3 3 4 3 3 3 3 3 3 3 3 3 3 3 3 3 4 3 4 4 1 3 4 3 3 3
3 4 3 0 3 4 3 4 0 4 3 4 4 4 3 3 3 3 3 3 3 4 3 4 4 4 3 4 3 3 3
3 4 3 4 3 4 3 3 3 4 4 4 3 0 3 3 3 3 3 3 3 4 3 4 4 4 3 4 3 3 3
3 4 3 4 3 0 4 4 3 4 3 0 3 4 3 3 3 3 3 3 3 4 3 4 1 4 3 4 3 3 3
3 0 3 4 3 3 3 0 3 4 3 4 3 0 3 3 3 3 3 3 3 4 3 3 3 2 3 4 3 3 3
3 1 3 4 3 0 0 4 3 4 3 4 3 4 4 4 4 4 4 0 4 4 3 3 3 4 4 4 3 3 3
3 4 3 4 3 4 3 3 3 4 3 4 3 3 3 2 3 3 3 3 3 3 3 3 3 4 3 0 3 3 3
3 4 4 4 4 0 3 3 3 4 3 4 3 4 3 1 4 4 3 4 3 4 0 4 3 4 3 4 4 4 3
3 4 3 3 0 3 3 3 3 4 3 4 3 4 3 4 4 4 3 4 3 0 1 4 3 4 3 3 3 4 3
3 4 3 4 4 0 4 4 3 4 3 4 3 4 3 1 4 4 3 4 3 4 4 1 0 0 3 3 3 4 3
3 4 3 1 4 4 4 4 3 4 3 4 3 4 3 4 4 4 3 4 3 3 3 3 3 3 3 3 3 4 3
3 1 3 4 4 4 1 4 3 4 3 4 4 4 3 0 4 1 3 4 4 4 0 4 4 4 4 4 4 4 3
3 4 3 3 3 3 3 3 3 4 3 3 3 4 3 3 3 3 3 3 3 3 3 4 3 3 3 3 3 3 3
3 0 4 4 4 4 3 4 4 4 3 4 3 4 3 4 4 4 0 4 4 4 3 4 4 4 3 4 4 4 3
3 3 3 3 3 3 3 4 3 4 3 4 3 4 3 0 3 2 3 3 3 4 3 3 3 4 3 4 4 4 3
3 4 4 4 4 4 4 4 3 4 4 0 3 4 4 4 3 4 4 4 3 0 4 4 0 4 3 5 4 4 3
3 4 3 3 3 3 3 4 3 3 3 3 3 3 3 3 3 4 1 4 3 3 3 3 3 0 3 4 4 4 3
3 4 3 4 4 4 4 4 3 4 4 4 4 4 4 4 3 4 1 4 3 3 3 3 3 4 3 4 4 4 3
3 4 3 3 3 3 3 3 3 4 3 3 3 3 3 4 3 3 3 3 3 3 3 3 3 0 3 3 3 4 3
3 4 4 4 4 4 4 4 4 4 3 3 3 3 3 4 4 4 4 4 4 4 4 4 4 4 4 4 4 4 3
3 3 3 3 3 3 3 3 3 3 3 3 3 3 3 3 3 3 3 3 3 3 3 3 3 3 3 3 3 3 3
visited: 
0 0 0 0 0 0 0 0 0 0 0 0 0 0 0 0 0 0 0 0 0 0 0 0 0 0 0 0 0 0 0
0 0 0 0 0 0 0 0 0 0 0 0 0 0 0 0 0 0 0 0 0 0 0 0 0 0 0 0 0 0 0
0 0 0 0 0 0 0 0 0 0 0 0 0 0 0 0 0 0 0 0 0 0 0 0 0 0 0 0 0 0 0
0 0 0 0 0 0 0 0 0 0 0 0 0 0 0 0 0 0 0 0 0 0 0 0 0 0 0 0 0 0 0
0 0 0 0 0 0 0 0 0 0 0 0 0 0 0 0 0 0 0 0 0 0 0 0 0 0 0 0 0 0 0
0 0 0 0 0 0 0 0 0 0 0 0 0 0 0 0 0 0 0 0 0 0 0 0 0 0 0 0 0 0 0
0 0 0 0 0 0 0 0 0 0 0 0 0 0 0 0 0 0 0 0 0 0 0 0 0 0 0 0 0 0 0
0 0 0 0 0 0 0 0 0 0 0 0 0 0 0 0 0 0 0 0 0 0 0 0 0 0 0 0 0 0 0
0 0 0 0 0 0 0 0 0 0 0 0 0 0 0 0 0 0 0 0 0 0 0 0 0 0 0 0 0 0 0
0 0 0 0 0 0 0 0 0 0 0 0 0 0 0 0 0 0 0 0 0 0 0 0 0 0 0 0 0 0 0
0 0 0 0 0 0 0 0 0 0 0 0 0 0 0 0 0 0 0 0 0 0 0 0 0 0 0 0 0 0 0
0 0 0 0 0 0 0 0 0 0 0 0 0 0 0 0 0 0 0 0 0 0 0 0 0 0 0 0 0 0 0
0 0 0 0 0 0 0 0 0 0 0 0 0 0 0 0 0 0 0 0 0 0 0 0 0 0 0 0 0 0 0
0 0 0 0 0 0 0 0 0 0 0 0 0 0 0 0 0 0 0 0 0 0 0 0 0 0 0 0 0 0 0
0 0 0 0 0 0 0 0 0 0 0 0 0 0 0 0 0 0 0 0 0 0 0 0 0 0 0 0 0 0 0
0 0 0 0 0 0 0 0 0 0 0 0 0 0 0 0 0 0 0 0 0 0 0 0 0 0 0 0 0 0 0
0 0 0 0 0 0 0 0 0 0 0 0 0 0 0 0 0 0 0 0 0 0 0 0 0 0 0 0 0 0 0
0 0 0 0 0 0 0 0 0 0 0 0 0 0 0 0 0 0 0 0 0 0 0 0 0 0 0 0 0 0 0
0 0 0 0 0 0 0 0 0 0 0 0 0 0 0 0 0 0 0 0 0 0 0 0 0 0 0 0 0 0 0
0 0 0 0 0 0 0 0 0 0 0 0 0 0 0 0 0 0 0 0 0 0 0 0 0 0 0 0 0 0 0
0 0 0 0 0 0 0 0 0 0 0 0 0 0 0 0 0 0 0 0 0 0 0 0 0 0 0 0 0 0 0
0 0 0 0 0 0 0 0 0 1 0 0 0 0 0 0 0 0 0 0 0 0 0 0 0 0 0 0 0 0 0
0 0 0 0 0 0 1 1 1 1 0 0 0 0 0 0 0 0 0 0 0 0 0 0 0 0 1 1 1 1 1
0 0 0 0 0 0 1 1 1 1 1 0 0 0 0 0 0 0 0 0 0 0 0 0 0 0 1 1 1 1 1
1 1 1 1 1 1 1 1 1 1 1 0 0 0 0 0 0 0 0 0 0 0 0 0 0 0 1 1 1 1 1
1 1 1 1 1 1 1 1 1 1 1 1 0 0 0 0 0 0 0 0 0 0 0 0 0 0 1 1 1 1 1
1 1 1 1 1 1 1 1 1 1 1 1 1 1 1 1 0 0 0 0 0 0 0 0 0 0 1 1 1 1 1
1 1 1 0 0 1 1 1 1 1 1 1 1 1 1 1 1 0 0 0 0 0 0 0 0 1 0 1 1 1 1
1 1 1 1 1 1 1 1 1 1 1 1 1 1 1 1 1 1 1 1 1 1 1 1 1 1 1 1 1 1 1
1 1 1 1 1 1 1 1 1 1 1 0 0 0 1 1 1 1 1 1 1 1 1 1 1 1 1 1 1 1 1
1 1 1 1 1 1 1 1 1 1 1 0 0 0 1 1 1 1 1 1 1 1 1 1 1 1 1 1 1 1 1
Event:6
Event:
8 3
event/NPC/event-bed.txt
Event:
8 8
event/NPC/event-bed.txt
Event:
9 8
event/NPC/event-bed.txt
Event:
14 25
event/NPC/event-bed.txt
Event:
16 15
event/NPC/event-bed.txt
Event:
24 17
event/NPC/event-bed.txt
